



M = [1/3 1/6 0 0 0;
1/6 2/3 1/6 0 0;
0 1/6 2/3 1/6 0;
0 0 1/6 2/3 1/6;
0 0 0 1/6 1/3]
K = [1 -1 0 0 0;
-1 2 -1 0 0;
0 -1 2 -1 0;
0 0 -1 2 -1;
0 0 0 -1 1]
K_T = M/(0.25*0.1^2) + K
F_T = [0;0;0;0;1.736]
U = K_T\F_T
U/(0.25*0.1^2)
a_n = ans
v_n = a_n*0.5*0.1
(U + 0.1*v_n)/(0.25*0.1^2)
ans+((1-2*0.25)*a_n)/(2*0.25)
M*ans
ans + [ 0;0;0;0;3.420]
F_T = ans
U = K_T\F_T
ans =[
0
-0.4505
1.6231
-6.1901
23.7028]
M*ans
ans + [ 0;0;0;0;3.420]
F_T = ans
U2 = K_T\F_T
M = [1/3+1*10^(7) 1/6 0 0 0;
1/6 2/3 1/6 0 0;




0 0 0 1/6 1/3]
K = [1+1*10^7 -1 0 0 0;
-1 2 -1 0 0;
0 -1 2 -1 0;
0 0 -1 2 -1;
0 0 0 -1 1]
K_T = M/(0.25*0.1^2) + K
F_T = [0;0;0;0;1.736]
U1 = K_T\F_T
U1/(0.25*0.1^2)
a_n = ans
a_n*0.5*0.1
K_T(1.1)
K_T(1,1)
K_T(1,2)
v_n = [0.0000
-0.0049
0.0201
-0.0773
0.2963]
(U1+0.1*v_n)/(0.25*0.1^2)
ans + ((1-2*0.25)*a_n)/(2*0.25)
M*ans
F_T = ans + [0;0;0;0;3.420]
U2 = K_T\F_T
U_tilde1 = (U1+0.1*v_n)/(0.25*0.1^2) + ((1-2*0.25)*a_n)/(2*0.25)
v_n = 0.5*0.1*a_n
U_tilde1 = (U1+0.1*v_n)/(0.25*0.1^2) + ((1-2*0.25)*a_n)/(2*0.25)
F_T = M*U_tilde1
F_T = F_T + [0;0;0;0;3.420]
U2 = K_T\F_T
1/6 2/3 1/6 0 0;


